101_11_2.vrp 1842 195.03 264.4193736311981 37.11208639129985 
101_8_1.vrp 200 14.58 8.870766880631294 7.469178262513702 
121_7_1.vrp 200 11.458333333333334 5.38422194364008 2.760584202538088 
135_7_1.vrp 2210 109.1044776119403 187.31543371843006 34.00431434107924 
151_15_1.vrp 1544 145.54 201.3693601187402 44.97011093630239 
16_5_1.vrp 55 17.2 7.664388895590903 3.094922737306843 
200_16_2.vrp 200 16.01005025125628 8.505488394310163 1.1072255269503573 
21_4_1.vrp 85 16.45 9.665320535431382 2.330624187256177 
241_22_1.vrp 200 18.0 11.686275611027824 1.6471835224004896 
262_25_1.vrp 500 46.383141762452105 31.065915394884684 12.643437808791038 
30_4_1.vrp 4500 439.6551724137931 610.6392011574001 286.93694427254667 
386_47_1.vrp 65 7.748051948051948 10.995804247028094 1.038560701928806 
41_14_1.vrp 60 19.95 7.493415913405719 2.7991561886461422 
45_4_1.vrp 2010 164.0909090909091 258.5493356889567 62.159476819778384 
51_5_1.vrp 160 15.54 8.06152363175263 3.6992556697880516 
76_8_2.vrp 180 18.186666666666667 7.960533279252721 5.797873172257408
